: family
09015843 09152447 14447178 09437209 
09015843 09152447 01095678 14444584 
09015843 09152447 09247310 09437209 
09015843 09152447 07656042 14445861 
09015843 09152447 14446476 14445063 
09015843 09152447 14444690 05497966 
09015843 09152447 09703011 09220076 
09015843 09152447 09703011 09220076 
09015843 09152447 09489596 09489596 
09015843 09152447 09495058 09245393 
09015843 09152447 그 그녀 
09015843 09152447 그 그녀 
09015843 09152447 08122105 10077346 
09015843 09152447 14454125 09816590 
09015843 09152447 09017703 13608833 
09015843 09152447 조카_아들 14438420 
09015843 09152447 남자_경찰관 09770624 
09015843 09152447 14444456 09792233 
09015843 09152447 09621436 09437071 
09015843 09152447 09621436 09437071 
09015843 09152447 09503477 09911991 
09015843 09152447 15300124 09960485 
09015843 09152447 09960733 09960254 
09015843 09152447 15300800 15301371 
09015843 09152447 15300799 15301370 
09015843 09152447 14435330 15301369 
09015843 09152447 15300795 15301372 
14447178 09437209 07656042 14445861 
14447178 09437209 14446476 14445063 
14447178 09437209 14444690 05497966 
14447178 09437209 09703011 09220076 
14447178 09437209 09703011 09220076 
14447178 09437209 09489596 09489596 
14447178 09437209 09495058 09245393 
14447178 09437209 그 그녀 
14447178 09437209 그 그녀 
14447178 09437209 08122105 10077346 
14447178 09437209 14454125 09816590 
14447178 09437209 09017703 13608833 
14447178 09437209 조카_아들 14438420 
14447178 09437209 남자_경찰관 09770624 
14447178 09437209 14444456 09792233 
14447178 09437209 09621436 09437071 
14447178 09437209 09621436 09437071 
14447178 09437209 09503477 09911991 
14447178 09437209 15300124 09960485 
14447178 09437209 09960733 09960254 
14447178 09437209 15300800 15301371 
14447178 09437209 15300799 15301370 
14447178 09437209 14435330 15301369 
14447178 09437209 15300795 15301372 
14447178 09437209 09015843 09152447 
07656042 14445861 14446476 14445063 
07656042 14445861 14444690 05497966 
07656042 14445861 09703011 09220076 
07656042 14445861 09703011 09220076 
07656042 14445861 09489596 09489596 
07656042 14445861 09495058 09245393 
07656042 14445861 그 그녀 
07656042 14445861 그 그녀 
07656042 14445861 08122105 10077346 
07656042 14445861 14454125 09816590 
07656042 14445861 09017703 13608833 
07656042 14445861 조카_아들 14438420 
07656042 14445861 남자_경찰관 09770624 
07656042 14445861 14444456 09792233 
07656042 14445861 09621436 09437071 
07656042 14445861 09621436 09437071 
07656042 14445861 09503477 09911991 
07656042 14445861 15300124 09960485 
07656042 14445861 09960733 09960254 
07656042 14445861 15300800 15301371 
07656042 14445861 15300799 15301370 
07656042 14445861 14435330 15301369 
07656042 14445861 15300795 15301372 
07656042 14445861 09015843 09152447 
07656042 14445861 14447178 09437209 
07656042 14445861 01095678 14444584 
07656042 14445861 09247310 09437209 
14446476 14445063 14444690 05497966 
14446476 14445063 09703011 09220076 
14446476 14445063 09703011 09220076 
14446476 14445063 09489596 09489596 
14446476 14445063 09495058 09245393 
14446476 14445063 그 그녀 
14446476 14445063 그 그녀 
14446476 14445063 08122105 10077346 
14446476 14445063 14454125 09816590 
14446476 14445063 09017703 13608833 
14446476 14445063 조카_아들 14438420 
14446476 14445063 남자_경찰관 09770624 
14446476 14445063 14444456 09792233 
14446476 14445063 09621436 09437071 
14446476 14445063 09621436 09437071 
14446476 14445063 09503477 09911991 
14446476 14445063 15300124 09960485 
14446476 14445063 09960733 09960254 
14446476 14445063 15300800 15301371 
14446476 14445063 15300799 15301370 
14446476 14445063 14435330 15301369 
14446476 14445063 15300795 15301372 
14446476 14445063 09015843 09152447 
14446476 14445063 14447178 09437209 
14446476 14445063 01095678 14444584 
14446476 14445063 09247310 09437209 
14446476 14445063 07656042 14445861 
14444690 05497966 09703011 09220076 
14444690 05497966 09703011 09220076 
14444690 05497966 09489596 09489596 
14444690 05497966 09495058 09245393 
14444690 05497966 그 그녀 
14444690 05497966 그 그녀 
14444690 05497966 08122105 10077346 
14444690 05497966 14454125 09816590 
14444690 05497966 09017703 13608833 
14444690 05497966 조카_아들 14438420 
14444690 05497966 남자_경찰관 09770624 
14444690 05497966 14444456 09792233 
14444690 05497966 09621436 09437071 
14444690 05497966 09621436 09437071 
14444690 05497966 09503477 09911991 
14444690 05497966 15300124 09960485 
14444690 05497966 09960733 09960254 
14444690 05497966 15300800 15301371 
14444690 05497966 15300799 15301370 
14444690 05497966 14435330 15301369 
14444690 05497966 15300795 15301372 
14444690 05497966 09015843 09152447 
14444690 05497966 14447178 09437209 
14444690 05497966 01095678 14444584 
14444690 05497966 09247310 09437209 
14444690 05497966 07656042 14445861 
14444690 05497966 14446476 14445063 
09703011 09220076 09703011 09220076 
09703011 09220076 09489596 09489596 
09703011 09220076 09495058 09245393 
09703011 09220076 그 그녀 
09703011 09220076 그 그녀 
09703011 09220076 08122105 10077346 
09703011 09220076 14454125 09816590 
09703011 09220076 09017703 13608833 
09703011 09220076 조카_아들 14438420 
09703011 09220076 남자_경찰관 09770624 
09703011 09220076 14444456 09792233 
09703011 09220076 09621436 09437071 
09703011 09220076 09621436 09437071 
09703011 09220076 09503477 09911991 
09703011 09220076 15300124 09960485 
09703011 09220076 09960733 09960254 
09703011 09220076 15300800 15301371 
09703011 09220076 15300799 15301370 
09703011 09220076 14435330 15301369 
09703011 09220076 15300795 15301372 
09703011 09220076 09015843 09152447 
09703011 09220076 14447178 09437209 
09703011 09220076 01095678 14444584 
09703011 09220076 09247310 09437209 
09703011 09220076 07656042 14445861 
09703011 09220076 14446476 14445063 
09703011 09220076 14444690 05497966 
09703011 09220076 09489596 09489596 
09703011 09220076 09495058 09245393 
09703011 09220076 그 그녀 
09703011 09220076 그 그녀 
09703011 09220076 08122105 10077346 
09703011 09220076 14454125 09816590 
09703011 09220076 09017703 13608833 
09703011 09220076 조카_아들 14438420 
09703011 09220076 남자_경찰관 09770624 
09703011 09220076 14444456 09792233 
09703011 09220076 09621436 09437071 
09703011 09220076 09621436 09437071 
09703011 09220076 09503477 09911991 
09703011 09220076 15300124 09960485 
09703011 09220076 09960733 09960254 
09703011 09220076 15300800 15301371 
09703011 09220076 15300799 15301370 
09703011 09220076 14435330 15301369 
09703011 09220076 15300795 15301372 
09703011 09220076 09015843 09152447 
09703011 09220076 14447178 09437209 
09703011 09220076 01095678 14444584 
09703011 09220076 09247310 09437209 
09703011 09220076 07656042 14445861 
09703011 09220076 14446476 14445063 
09703011 09220076 14444690 05497966 
09703011 09220076 09703011 09220076 
09489596 09489596 09495058 09245393 
09489596 09489596 그 그녀 
09489596 09489596 그 그녀 
09489596 09489596 08122105 10077346 
09489596 09489596 14454125 09816590 
09489596 09489596 09017703 13608833 
09489596 09489596 조카_아들 14438420 
09489596 09489596 남자_경찰관 09770624 
09489596 09489596 14444456 09792233 
09489596 09489596 09621436 09437071 
09489596 09489596 09621436 09437071 
09489596 09489596 09503477 09911991 
09489596 09489596 15300124 09960485 
09489596 09489596 09960733 09960254 
09489596 09489596 15300800 15301371 
09489596 09489596 15300799 15301370 
09489596 09489596 14435330 15301369 
09489596 09489596 15300795 15301372 
09489596 09489596 09015843 09152447 
09489596 09489596 14447178 09437209 
09489596 09489596 01095678 14444584 
09489596 09489596 09247310 09437209 
09489596 09489596 07656042 14445861 
09489596 09489596 14446476 14445063 
09489596 09489596 14444690 05497966 
09489596 09489596 09703011 09220076 
09489596 09489596 09703011 09220076 
09495058 09245393 그 그녀 
09495058 09245393 그 그녀 
09495058 09245393 08122105 10077346 
09495058 09245393 14454125 09816590 
09495058 09245393 09017703 13608833 
09495058 09245393 조카_아들 14438420 
09495058 09245393 남자_경찰관 09770624 
09495058 09245393 14444456 09792233 
09495058 09245393 09621436 09437071 
09495058 09245393 09621436 09437071 
09495058 09245393 09503477 09911991 
09495058 09245393 15300124 09960485 
09495058 09245393 09960733 09960254 
09495058 09245393 15300800 15301371 
09495058 09245393 15300799 15301370 
09495058 09245393 14435330 15301369 
09495058 09245393 15300795 15301372 
09495058 09245393 09015843 09152447 
09495058 09245393 14447178 09437209 
09495058 09245393 01095678 14444584 
09495058 09245393 09247310 09437209 
09495058 09245393 07656042 14445861 
09495058 09245393 14446476 14445063 
09495058 09245393 14444690 05497966 
09495058 09245393 09703011 09220076 
09495058 09245393 09703011 09220076 
09495058 09245393 09489596 09489596 
그 그녀 그 그녀 
그 그녀 08122105 10077346 
그 그녀 14454125 09816590 
그 그녀 09017703 13608833 
그 그녀 조카_아들 14438420 
그 그녀 남자_경찰관 09770624 
그 그녀 14444456 09792233 
그 그녀 09621436 09437071 
그 그녀 09621436 09437071 
그 그녀 09503477 09911991 
그 그녀 15300124 09960485 
그 그녀 09960733 09960254 
그 그녀 15300800 15301371 
그 그녀 15300799 15301370 
그 그녀 14435330 15301369 
그 그녀 15300795 15301372 
그 그녀 09015843 09152447 
그 그녀 14447178 09437209 
그 그녀 01095678 14444584 
그 그녀 09247310 09437209 
그 그녀 07656042 14445861 
그 그녀 14446476 14445063 
그 그녀 14444690 05497966 
그 그녀 09703011 09220076 
그 그녀 09703011 09220076 
그 그녀 09489596 09489596 
그 그녀 09495058 09245393 
그 그녀 08122105 10077346 
그 그녀 14454125 09816590 
그 그녀 09017703 13608833 
그 그녀 조카_아들 14438420 
그 그녀 남자_경찰관 09770624 
그 그녀 14444456 09792233 
그 그녀 09621436 09437071 
그 그녀 09621436 09437071 
그 그녀 09503477 09911991 
그 그녀 15300124 09960485 
그 그녀 09960733 09960254 
그 그녀 15300800 15301371 
그 그녀 15300799 15301370 
그 그녀 14435330 15301369 
그 그녀 15300795 15301372 
그 그녀 09015843 09152447 
그 그녀 14447178 09437209 
그 그녀 01095678 14444584 
그 그녀 09247310 09437209 
그 그녀 07656042 14445861 
그 그녀 14446476 14445063 
그 그녀 14444690 05497966 
그 그녀 09703011 09220076 
그 그녀 09703011 09220076 
그 그녀 09489596 09489596 
그 그녀 09495058 09245393 
그 그녀 그 그녀 
08122105 10077346 14454125 09816590 
08122105 10077346 09017703 13608833 
08122105 10077346 조카_아들 14438420 
08122105 10077346 남자_경찰관 09770624 
08122105 10077346 14444456 09792233 
08122105 10077346 09621436 09437071 
08122105 10077346 09621436 09437071 
08122105 10077346 09503477 09911991 
08122105 10077346 15300124 09960485 
08122105 10077346 09960733 09960254 
08122105 10077346 15300800 15301371 
08122105 10077346 15300799 15301370 
08122105 10077346 14435330 15301369 
08122105 10077346 15300795 15301372 
08122105 10077346 09015843 09152447 
08122105 10077346 14447178 09437209 
08122105 10077346 01095678 14444584 
08122105 10077346 09247310 09437209 
08122105 10077346 07656042 14445861 
08122105 10077346 14446476 14445063 
08122105 10077346 14444690 05497966 
08122105 10077346 09703011 09220076 
08122105 10077346 09703011 09220076 
08122105 10077346 09489596 09489596 
08122105 10077346 09495058 09245393 
08122105 10077346 그 그녀 
08122105 10077346 그 그녀 
14454125 09816590 09017703 13608833 
14454125 09816590 조카_아들 14438420 
14454125 09816590 남자_경찰관 09770624 
14454125 09816590 14444456 09792233 
14454125 09816590 09621436 09437071 
14454125 09816590 09621436 09437071 
14454125 09816590 09503477 09911991 
14454125 09816590 15300124 09960485 
14454125 09816590 09960733 09960254 
14454125 09816590 15300800 15301371 
14454125 09816590 15300799 15301370 
14454125 09816590 14435330 15301369 
14454125 09816590 15300795 15301372 
14454125 09816590 09015843 09152447 
14454125 09816590 14447178 09437209 
14454125 09816590 01095678 14444584 
14454125 09816590 09247310 09437209 
14454125 09816590 07656042 14445861 
14454125 09816590 14446476 14445063 
14454125 09816590 14444690 05497966 
14454125 09816590 09703011 09220076 
14454125 09816590 09703011 09220076 
14454125 09816590 09489596 09489596 
14454125 09816590 09495058 09245393 
14454125 09816590 그 그녀 
14454125 09816590 그 그녀 
14454125 09816590 08122105 10077346 
09017703 13608833 조카_아들 14438420 
09017703 13608833 남자_경찰관 09770624 
09017703 13608833 14444456 09792233 
09017703 13608833 09621436 09437071 
09017703 13608833 09621436 09437071 
09017703 13608833 09503477 09911991 
09017703 13608833 15300124 09960485 
09017703 13608833 09960733 09960254 
09017703 13608833 15300800 15301371 
09017703 13608833 15300799 15301370 
09017703 13608833 14435330 15301369 
09017703 13608833 15300795 15301372 
09017703 13608833 09015843 09152447 
09017703 13608833 14447178 09437209 
09017703 13608833 01095678 14444584 
09017703 13608833 09247310 09437209 
09017703 13608833 07656042 14445861 
09017703 13608833 14446476 14445063 
09017703 13608833 14444690 05497966 
09017703 13608833 09703011 09220076 
09017703 13608833 09703011 09220076 
09017703 13608833 09489596 09489596 
09017703 13608833 09495058 09245393 
09017703 13608833 그 그녀 
09017703 13608833 그 그녀 
09017703 13608833 08122105 10077346 
09017703 13608833 14454125 09816590 
조카_아들 14438420 남자_경찰관 09770624 
조카_아들 14438420 14444456 09792233 
조카_아들 14438420 09621436 09437071 
조카_아들 14438420 09621436 09437071 
조카_아들 14438420 09503477 09911991 
조카_아들 14438420 15300124 09960485 
조카_아들 14438420 09960733 09960254 
조카_아들 14438420 15300800 15301371 
조카_아들 14438420 15300799 15301370 
조카_아들 14438420 14435330 15301369 
조카_아들 14438420 15300795 15301372 
조카_아들 14438420 09015843 09152447 
조카_아들 14438420 14447178 09437209 
조카_아들 14438420 01095678 14444584 
조카_아들 14438420 09247310 09437209 
조카_아들 14438420 07656042 14445861 
조카_아들 14438420 14446476 14445063 
조카_아들 14438420 14444690 05497966 
조카_아들 14438420 09703011 09220076 
조카_아들 14438420 09703011 09220076 
조카_아들 14438420 09489596 09489596 
조카_아들 14438420 09495058 09245393 
조카_아들 14438420 그 그녀 
조카_아들 14438420 그 그녀 
조카_아들 14438420 08122105 10077346 
조카_아들 14438420 14454125 09816590 
조카_아들 14438420 09017703 13608833 
남자_경찰관 09770624 14444456 09792233 
남자_경찰관 09770624 09621436 09437071 
남자_경찰관 09770624 09621436 09437071 
남자_경찰관 09770624 09503477 09911991 
남자_경찰관 09770624 15300124 09960485 
남자_경찰관 09770624 09960733 09960254 
남자_경찰관 09770624 15300800 15301371 
남자_경찰관 09770624 15300799 15301370 
남자_경찰관 09770624 14435330 15301369 
남자_경찰관 09770624 15300795 15301372 
남자_경찰관 09770624 09015843 09152447 
남자_경찰관 09770624 14447178 09437209 
남자_경찰관 09770624 01095678 14444584 
남자_경찰관 09770624 09247310 09437209 
남자_경찰관 09770624 07656042 14445861 
남자_경찰관 09770624 14446476 14445063 
남자_경찰관 09770624 14444690 05497966 
남자_경찰관 09770624 09703011 09220076 
남자_경찰관 09770624 09703011 09220076 
남자_경찰관 09770624 09489596 09489596 
남자_경찰관 09770624 09495058 09245393 
남자_경찰관 09770624 그 그녀 
남자_경찰관 09770624 그 그녀 
남자_경찰관 09770624 08122105 10077346 
남자_경찰관 09770624 14454125 09816590 
남자_경찰관 09770624 09017703 13608833 
남자_경찰관 09770624 조카_아들 14438420 
14444456 09792233 09621436 09437071 
14444456 09792233 09621436 09437071 
14444456 09792233 09503477 09911991 
14444456 09792233 15300124 09960485 
14444456 09792233 09960733 09960254 
14444456 09792233 15300800 15301371 
14444456 09792233 15300799 15301370 
14444456 09792233 14435330 15301369 
14444456 09792233 15300795 15301372 
14444456 09792233 09015843 09152447 
14444456 09792233 14447178 09437209 
14444456 09792233 01095678 14444584 
14444456 09792233 09247310 09437209 
14444456 09792233 07656042 14445861 
14444456 09792233 14446476 14445063 
14444456 09792233 14444690 05497966 
14444456 09792233 09703011 09220076 
14444456 09792233 09703011 09220076 
14444456 09792233 09489596 09489596 
14444456 09792233 09495058 09245393 
14444456 09792233 그 그녀 
14444456 09792233 그 그녀 
14444456 09792233 08122105 10077346 
14444456 09792233 14454125 09816590 
14444456 09792233 09017703 13608833 
14444456 09792233 조카_아들 14438420 
14444456 09792233 남자_경찰관 09770624 
09621436 09437071 09621436 09437071 
09621436 09437071 09503477 09911991 
09621436 09437071 15300124 09960485 
09621436 09437071 09960733 09960254 
09621436 09437071 15300800 15301371 
09621436 09437071 15300799 15301370 
09621436 09437071 14435330 15301369 
09621436 09437071 15300795 15301372 
09621436 09437071 09015843 09152447 
09621436 09437071 14447178 09437209 
09621436 09437071 01095678 14444584 
09621436 09437071 09247310 09437209 
09621436 09437071 07656042 14445861 
09621436 09437071 14446476 14445063 
09621436 09437071 14444690 05497966 
09621436 09437071 09703011 09220076 
09621436 09437071 09703011 09220076 
09621436 09437071 09489596 09489596 
09621436 09437071 09495058 09245393 
09621436 09437071 그 그녀 
09621436 09437071 그 그녀 
09621436 09437071 08122105 10077346 
09621436 09437071 14454125 09816590 
09621436 09437071 09017703 13608833 
09621436 09437071 조카_아들 14438420 
09621436 09437071 남자_경찰관 09770624 
09621436 09437071 14444456 09792233 
09621436 09437071 09503477 09911991 
09621436 09437071 15300124 09960485 
09621436 09437071 09960733 09960254 
09621436 09437071 15300800 15301371 
09621436 09437071 15300799 15301370 
09621436 09437071 14435330 15301369 
09621436 09437071 15300795 15301372 
09621436 09437071 09015843 09152447 
09621436 09437071 14447178 09437209 
09621436 09437071 01095678 14444584 
09621436 09437071 09247310 09437209 
09621436 09437071 07656042 14445861 
09621436 09437071 14446476 14445063 
09621436 09437071 14444690 05497966 
09621436 09437071 09703011 09220076 
09621436 09437071 09703011 09220076 
09621436 09437071 09489596 09489596 
09621436 09437071 09495058 09245393 
09621436 09437071 그 그녀 
09621436 09437071 그 그녀 
09621436 09437071 08122105 10077346 
09621436 09437071 14454125 09816590 
09621436 09437071 09017703 13608833 
09621436 09437071 조카_아들 14438420 
09621436 09437071 남자_경찰관 09770624 
09621436 09437071 14444456 09792233 
09621436 09437071 09621436 09437071 
09503477 09911991 15300124 09960485 
09503477 09911991 09960733 09960254 
09503477 09911991 15300800 15301371 
09503477 09911991 15300799 15301370 
09503477 09911991 14435330 15301369 
09503477 09911991 15300795 15301372 
09503477 09911991 09015843 09152447 
09503477 09911991 14447178 09437209 
09503477 09911991 01095678 14444584 
09503477 09911991 09247310 09437209 
09503477 09911991 07656042 14445861 
09503477 09911991 14446476 14445063 
09503477 09911991 14444690 05497966 
09503477 09911991 09703011 09220076 
09503477 09911991 09703011 09220076 
09503477 09911991 09489596 09489596 
09503477 09911991 09495058 09245393 
09503477 09911991 그 그녀 
09503477 09911991 그 그녀 
09503477 09911991 08122105 10077346 
09503477 09911991 14454125 09816590 
09503477 09911991 09017703 13608833 
09503477 09911991 조카_아들 14438420 
09503477 09911991 남자_경찰관 09770624 
09503477 09911991 14444456 09792233 
09503477 09911991 09621436 09437071 
09503477 09911991 09621436 09437071 
15300124 09960485 09960733 09960254 
15300124 09960485 15300800 15301371 
15300124 09960485 15300799 15301370 
15300124 09960485 14435330 15301369 
15300124 09960485 15300795 15301372 
15300124 09960485 09015843 09152447 
15300124 09960485 14447178 09437209 
15300124 09960485 01095678 14444584 
15300124 09960485 09247310 09437209 
15300124 09960485 07656042 14445861 
15300124 09960485 14446476 14445063 
15300124 09960485 14444690 05497966 
15300124 09960485 09703011 09220076 
15300124 09960485 09703011 09220076 
15300124 09960485 09489596 09489596 
15300124 09960485 09495058 09245393 
15300124 09960485 그 그녀 
15300124 09960485 그 그녀 
15300124 09960485 08122105 10077346 
15300124 09960485 14454125 09816590 
15300124 09960485 09017703 13608833 
15300124 09960485 조카_아들 14438420 
15300124 09960485 남자_경찰관 09770624 
15300124 09960485 14444456 09792233 
15300124 09960485 09621436 09437071 
15300124 09960485 09621436 09437071 
15300124 09960485 09503477 09911991 
09960733 09960254 15300800 15301371 
09960733 09960254 15300799 15301370 
09960733 09960254 14435330 15301369 
09960733 09960254 15300795 15301372 
09960733 09960254 09015843 09152447 
09960733 09960254 14447178 09437209 
09960733 09960254 01095678 14444584 
09960733 09960254 09247310 09437209 
09960733 09960254 07656042 14445861 
09960733 09960254 14446476 14445063 
09960733 09960254 14444690 05497966 
09960733 09960254 09703011 09220076 
09960733 09960254 09703011 09220076 
09960733 09960254 09489596 09489596 
09960733 09960254 09495058 09245393 
09960733 09960254 그 그녀 
09960733 09960254 그 그녀 
09960733 09960254 08122105 10077346 
09960733 09960254 14454125 09816590 
09960733 09960254 09017703 13608833 
09960733 09960254 조카_아들 14438420 
09960733 09960254 남자_경찰관 09770624 
09960733 09960254 14444456 09792233 
09960733 09960254 09621436 09437071 
09960733 09960254 09621436 09437071 
09960733 09960254 09503477 09911991 
09960733 09960254 15300124 09960485 
15300800 15301371 09015843 09152447 
15300800 15301371 14447178 09437209 
15300800 15301371 01095678 14444584 
15300800 15301371 09247310 09437209 
15300800 15301371 07656042 14445861 
15300800 15301371 14446476 14445063 
15300800 15301371 14444690 05497966 
15300800 15301371 09703011 09220076 
15300800 15301371 09703011 09220076 
15300800 15301371 09489596 09489596 
15300800 15301371 09495058 09245393 
15300800 15301371 그 그녀 
15300800 15301371 그 그녀 
15300800 15301371 08122105 10077346 
15300800 15301371 14454125 09816590 
15300800 15301371 09017703 13608833 
15300800 15301371 조카_아들 14438420 
15300800 15301371 남자_경찰관 09770624 
15300800 15301371 14444456 09792233 
15300800 15301371 09621436 09437071 
15300800 15301371 09621436 09437071 
15300800 15301371 09503477 09911991 
15300800 15301371 15300124 09960485 
15300800 15301371 09960733 의붓